Width -- 10
Height -- 8
Color Range -- 255
220 120 20 220 120 20 220 120 20 0 0 0 255 255 255 255 255 255 0 0 0 220 120 20 220 120 20 220 120 20 
220 120 20 185 241 41 149 105 61 38 138 238 254 254 254 254 254 254 38 138 238 149 105 61 185 241 41 220 120 20 
255 255 255 33 133 233 33 133 233 253 253 253 254 254 254 254 254 254 253 253 253 33 133 233 33 133 233 255 255 255 
0 0 0 1 1 1 1 1 1 1 1 1 1 1 1 1 1 1 1 1 1 1 1 1 1 1 1 0 0 0 
0 0 0 1 1 1 1 1 1 1 1 1 1 1 1 1 1 1 1 1 1 1 1 1 1 1 1 0 0 0 
255 255 255 33 133 233 33 133 233 253 253 253 254 254 254 254 254 254 253 253 253 33 133 233 33 133 233 255 255 255 
0 0 0 113 225 81 149 105 61 38 138 238 254 254 254 254 254 254 38 138 238 149 105 61 115 227 83 255 255 255 
0 0 0 0 0 0 220 120 20 0 0 0 255 255 255 255 255 255 0 0 0 220 120 20 255 255 255 255 255 255 
