Width -- 10
Height -- 8
Color Range -- 255
220 120 20 220 120 20 220 120 20 0 0 0 255 255 255 255 255 255 0 0 0 220 120 20 220 120 20 220 120 20 
220 120 20 220 120 20 220 120 20 0 0 0 255 255 255 255 255 255 0 0 0 220 120 20 220 120 20 220 120 20 
255 255 255 255 255 255 255 255 255 255 255 255 255 255 255 255 255 255 255 255 255 255 255 255 255 255 255 255 255 255 
0 0 0 0 0 0 0 0 0 0 0 0 0 0 0 0 0 0 0 0 0 0 0 0 0 0 0 0 0 0 
0 0 0 0 0 0 0 0 0 0 0 0 0 0 0 0 0 0 0 0 0 0 0 0 0 0 0 0 0 0 
255 255 255 255 255 255 255 255 255 255 255 255 255 255 255 255 255 255 255 255 255 255 255 255 255 255 255 255 255 255 
0 0 0 220 120 20 220 120 20 0 0 0 255 255 255 255 255 255 0 0 0 220 120 20 220 120 20 255 255 255 
0 0 0 0 0 0 220 120 20 0 0 0 255 255 255 255 255 255 0 0 0 220 120 20 255 255 255 255 255 255 
